4294967279,104
4294967279,103
4294967279,101
4294967278,411
4294967279,519
4294967294,1431
4294967278,321
4294967278,439
4294967278,282
4294967278,279
4294967278,289
4294967278,416
4294967278,245
4294967278,56
4294967278,55
4294967278,50
4294967278,49
4294967278,48
4294967278,42
4294967278,174
4294967278,40
4294967278,39
4294967278,37
4294967278,32
4294967278,29
4294967278,28
4294967278,27
4294967278,26
4294967278,25
4294967278,24
4294967278,440
4294967278,310
4294967278,12
4294967279,373
4294967279,88
4294967279,2
4294967279,174
4294967279,81
4294967279,79
4294967279,78
4294967279,76
4294967279,367
4294967279,67
4294967279,63
4294967279,57
4294967279,25
4294967279,24
4294967279,18
4294967279,15
4294967279,517
4294967278,54
4294967278,53
4294967279,53
4294967279,328
4294967278,164
4294967279,52
4294967278,51
4294967278,381
4294967279,51
4294967279,525
4294967278,161
4294967278,160
4294967279,160
4294967278,159
4294967279,159
4294967278,158
4294967278,44
4294967278,380
4294967279,377
4294967278,154
4294967279,153
4294967278,441
4294967278,152
4294967278,151
4294967278,38
4294967278,369
4294967279,375
4294967294,1419
4294967278,34
4294967278,348
4294967278,145
4294967278,144
4294967278,31
4294967279,142
4294967278,142
4294967278,140
4294967279,139
4684,5
4294967278,139
4684,4
4684,3
4684,2
4684,1
4294967278,22
4294967278,135
4294967278,298
4294967279,134
4294967278,134
4294967278,11
4294967294,1430
4294967278,288
4294967278,287
4294967278,17
4294967278,274
4294967278,273
4294967278,269
4682,6
4294967278,268
4682,5
4294967279,263
4682,4
4682,3
4682,2
4682,1
4294967278,10
4294967294,1038
4294967279,10
4294967279,258
4294967278,8
4294967279,515
4294967278,322
4294967294,1423
4294967279,374
4679,6
4679,5
4679,4
4679,3
4679,2
4679,1
4294967278,236
4294967278,438
4294967278,224
4676,6
4294967278,205
4676,5
4676,4
4676,3
4676,2
4676,1
4294967279,297
4294967278,437
4294967279,189
4294967279,188
4673,4
4673,3
4673,2
4673,1
4294967278,335
4294967279,71
4294967279,571
4294967279,182
4672,6
4672,5
4672,4
4672,3
4672,2
4672,1
4294967278,352
4294967278,52
4294967278,60
4294967294,1426
4294967279,58
4294967279,214
4294967278,57
4294967279,554
4294967278,47
4294967278,266
4294967279,536
4294967278,46
4294967278,290
4294967279,260
4294967278,45
4294967278,391
4294967279,293
4294967278,43
4294967278,370
4294967278,41
4294967278,339
4669,6
4669,5
4669,4
4669,3
4669,2
4669,1
4294967279,286
4294967279,566
4294967279,28
4294967278,36
4294967278,35
4294967294,508
4294967294,1044
4294967294,173
4294967294,1046
4294967278,33
4294967279,143
4294967278,30
4294967278,249
4294967279,141
4294967279,136
4294967279,135
4294967278,332
4294967278,260
4294967279,270
4294967294,386
4294967294,467
4294967294,410
4294967294,456
4294967294,400
4294967279,338
4294967279,279
4294967279,280
4294967279,372
4294967279,277
4666,6
4666,5
4294967279,265
4666,4
4666,3
4666,2
4666,1
4294967279,264
4294967279,12
4294967279,275
4294967279,344
4294967278,402
4294967278,254
4294967294,1427
4294967278,435
4294967279,320
4663,6
4663,5
4663,4
4663,3
4663,2
4663,1
4294967278,399
4294967279,362
4294967278,220
4294967279,538
4294967278,445
4294967278,401
4294967278,343
4294967279,348
4660,5
4660,4
4660,3
4660,2
4660,1
4294967278,203
4294967294,176
4294967279,201
4658,4
4658,3
4658,2
4658,1
4294967279,561
4294967279,199
4294967278,384
4294967279,84
4657,6
4294967279,195
4294967279,366
4294967278,394
4657,5
4294967278,191
4657,4
4657,3
4657,2
4657,1
4294967294,1421
4294967279,346
4294967294,1048
4294967279,190
4294967279,187
4294967279,0
4294967279,290
4656,5
4294967279,186
4656,4
4656,3
4656,2
4656,1
4294967278,375
4294967279,184
4294967279,183
4294967279,541
4294967294,396
4294967294,409
4294967294,1415
4294967294,399
4294967294,178
4294967294,398
4294967294,168
4294967294,406
4294967294,444
4294967294,384
4294967294,448
4294967294,453
4294967294,116
4294967294,459
4294967294,493
4294967278,410
4294967279,303
4294967279,330
4294967279,178
4294967279,177
4294967278,173
4655,5
4294967279,176
4655,4
4655,3
4655,2
4655,1
4294967278,374
4294967279,173
4294967278,170
4294967279,339
4294967278,297
4294967279,171
4654,5
4294967279,169
4654,4
4294967278,59
4294967278,58
4294967279,168
4654,3
4654,2
4654,1
4294967279,83
4294967279,82
4294967279,69
4294967279,65
4294967279,60
4294967279,55
4294967279,50
4294967279,48
4294967279,47
4294967279,44
4294967279,43
4294967279,40
4294967279,39
4294967279,38
4294967279,37
4294967279,329
4294967279,167
4294967278,382
4294967294,388
4294967279,163
4294967279,353
4294967279,46
4294967279,570
4652,5
4294967279,41
4294967279,154
4652,4
4652,3
4652,2
4652,1
4294967279,327
4294967294,390
4294967294,1416
4651,4
4651,3
4651,2
4651,1
4294967279,324
4294967294,503
4294967294,1032
4294967294,186
4294967294,1031
4294967278,357
4294967279,35
4294967279,552
4294967278,404
4294967294,1413
4294967294,1027
4294967294,199
4294967294,195
4294967294,198
4294967294,197
4294967279,284
4294967294,504
4294967294,1418
4294967294,114
4294967278,364
4294967279,321
4294967279,345
4294967294,387
4294967278,395
4294967279,545
4294967279,363
4294967278,371
4294967279,340
4294967279,522
4294967294,50
4294967294,507
4294967294,505
4294967294,506
4294967294,9
4294967278,344
4294967294,22
4294967279,319
4294967278,390
4294967279,564
4294967279,262
4294967279,261
4294967278,393
4294967279,254
4294967279,253
4294967278,372
4294967294,68
4294967294,11
4294967278,324
4294967278,323
4294967279,291
4294967278,400
4294967294,1433
4294967278,132
4294967278,131
4294967278,129
4294967278,128
4294967278,354
4294967278,126
4294967278,125
4294967278,122
4294967278,121
4294967278,120
4294967278,119
4294967278,118
4294967278,117
4294967278,115
4294967278,114
4294967278,112
4294967278,111
4294967278,347
4294967278,108
4294967278,102
4294967278,100
4294967278,99
4294967278,0
4294967278,97
4294967278,96
4294967278,95
4294967278,94
4294967278,87
4294967278,85
4294967278,84
4294967278,83
4294967278,82
4294967278,79
4294967278,76
4294967278,74
4294967278,73
4294967278,71
4294967278,70
4294967278,65
4294967278,62
4294967278,61
4294967279,356
4294967279,85
4294967279,555
4294967279,77
4294967279,75
4294967279,61
4294967279,59
4294967279,49
4294967279,36
4294967279,34
4294967279,315
